|========================================================================================|
|  Epoch  |  Iteration  |  Time Elapsed  |  Mini-batch  |  Mini-batch  |  Base Learning  |
|         |             |   (hh:mm:ss)   |     RMSE     |     Loss     |      Rate       |
|========================================================================================|
|       1 |           1 |       00:00:02 |         0.98 |          0.5 |          0.0050 |
|      50 |          50 |       00:00:04 |         0.21 |      2.3e-02 |          0.0050 |
|     100 |         100 |       00:00:07 |         0.14 |      9.4e-03 |          0.0050 |
|     150 |         150 |       00:00:10 |         0.11 |      5.5e-03 |          0.0010 |
|     200 |         200 |       00:00:12 |         0.09 |      4.5e-03 |          0.0010 |
|     250 |         250 |       00:00:15 |         0.08 |      3.3e-03 |          0.0010 |
|     300 |         300 |       00:00:17 |         0.07 |      2.6e-03 |          0.0002 |
|     350 |         350 |       00:00:20 |         0.07 |      2.1e-03 |          0.0002 |
|     400 |         400 |       00:00:22 |         0.06 |      2.0e-03 |      4.0000e-05 |
|========================================================================================|
Training finished: Max epochs completed.
RMSE: 0.087516     0.14812    0.071498    0.092184     0.20069     0.20924     0.18301    0.099511    0.049005     0.09569     0.08105    0.049288
MAE: 0.077424     0.14001    0.061779    0.082041     0.19478     0.20358     0.17651    0.089115    0.040379    0.082579    0.066269    0.040379
R^2 Score: -2.27687     -8.38712     -1.18713      -2.6358      -16.233     -17.7321     -13.3294     -3.23674   -0.0274602     -2.91761     -1.81056   -0.0393825